GRT_LABELLED_TIME_SERIES_CLASSIFICATION_DATA_FILE_V1.0
DatasetName: NOT_SET
InfoText: 
NumDimensions: 3
TotalNumTrainingExamples: 30
NumberOfClasses: 6
ClassIDsAndCounters: 
1	5
2	5
5	5
4	5
3	5
6	5
UseExternalRanges: 0
LabelledTimeSeriesTrainingData:
************TIME_SERIES************
ClassID: 1
TimeSeriesLength: 47
TimeSeriesData: 
0.0490502	0.342468	0.95482
0.0575618	0.35027	0.936614
0.0476315	0.350743	0.944417
0.0570889	0.35027	0.942998
0.0426664	0.347197	0.949618
0.0502323	0.347433	0.9508
0.0443215	0.345778	0.952692
0.0502323	0.350507	0.96475
0.0339184	0.35689	0.988866
0.0185502	0.352398	1.01464
-0.0547442	0.345542	1.12151
0.0154766	0.332065	1.01984
0.366581	0.290925	0.859064
0.293523	0.271301	0.806812
0.325205	0.21574	0.594258
0.561165	0.133461	-0.185027
0.938041	0.0892476	-0.663332
0.894773	0.0261198	-0.627158
0.604906	0.0417244	-0.74703
0.659522	0.107217	-0.960293
0.475813	0.0845189	-0.919626
0.406065	0.06986	-0.930738
0.318348	0.0665499	-1.02531
0.345774	0.0755344	-1.08087
0.318821	0.0842824	-1.0908
0.297069	0.089484	-1.21257
0.301325	0.0767166	-1.25962
0.292104	0.0797902	-1.38091
0.285011	0.0587476	-1.47761
0.289503	0.0327399	-1.48825
0.2791	0.0443252	-1.48376
0.268224	0.0592205	-1.47997
0.259713	0.0575654	-1.45728
0.239379	0.0471624	-1.41212
0.207697	0.0544918	-1.37358
0.189255	0.0393601	-1.3017
0.167976	0.0329763	-1.20453
0.136767	-0.0270778	-1.09766
0.145042	-0.02826	-1.05274
0.113597	-0.0838219	-0.920099
0.0667827	-0.114558	-0.738045
0.0656005	-0.164446	-0.676099
0.0646548	-0.217407	-0.607534
0.0393564	-0.248616	-0.50634
0.0414843	-0.334678	-0.382449
0.0398292	-0.382201	-0.372046
0.0492866	-0.418375	-0.363061
************TIME_SERIES************
ClassID: 1
TimeSeriesLength: 45
TimeSeriesData: 
0.0786044	0.421437	0.909897
0.0906625	0.415053	0.91699
0.0859338	0.420727	0.922428
0.0856974	0.422855	0.920064
0.0712749	0.411979	0.966641
0.0202052	0.412216	1.03592
-0.00225595	0.422855	1.09786
0.0608718	0.415762	1.1059
0.106504	0.387627	1.03639
0.429945	0.28336	0.830692
0.514588	0.264445	0.5186
0.489999	0.239856	0.147399
0.63115	0.139608	-0.715347
0.742983	0.0526003	-1.00994
0.659522	-0.011946	-1.09293
0.4952	-0.0088724	-1.0882
0.442239	0.0994142	-0.932157
0.021151	0.0930305	-0.892673
0.11336	0.0693871	-0.988901
0.0379378	0.0916119	-0.960766
0.0398292	0.0859375	-1.00758
0.0651276	0.0674957	-1.17001
0.0263525	0.0582747	-1.449
0.0410114	-0.0074538	-1.51497
0.0043642	-0.0178569	-1.66983
0.0147673	-0.00627163	-1.71286
0.0499959	-0.0169111	-1.72468
0.0523602	-0.035353	-1.63957
0.0771858	-0.0067445	-1.56698
0.0672555	0.0341585	-1.44262
0.0693834	0.0410151	-1.34568
0.101538	0.0379415	-1.20949
0.063709	0.0291934	-1.03808
0.0764765	-0.00698093	-0.833801
0.0982283	-0.0925699	-0.615572
0.0970462	-0.127799	-0.53022
0.0339184	-0.210314	-0.407511
0.074585	-0.290938	-0.352422
0.0812051	-0.313162	-0.342728
0.0582711	-0.355957	-0.322395
0.0606354	-0.421922	-0.335399
0.0514145	-0.46779	-0.322868
0.0551974	-0.476302	-0.370864
0.0507052	-0.511767	-0.373228
0.0627633	-0.550305	-0.381976
************TIME_SERIES************
ClassID: 1
TimeSeriesLength: 33
TimeSeriesData: 
0.139131	0.407487	0.900676
0.135348	0.404177	0.907769
0.126837	0.395902	0.932358
0.0481044	0.390464	1.03308
-0.000128043	0.397557	1.11276
0.0672555	0.383607	1.00778
0.17105	0.28265	0.663061
0.328278	0.265627	0.088054
0.804692	0.170344	-0.79006
0.8307	0.089484	-0.995994
0.897847	0.0748251	-0.883215
0.649828	0.143391	-0.881087
0.456662	0.182639	-1.02058
0.210298	0.12424	-0.986064
0.281937	0.0405422	-1.0908
0.277918	0.122585	-1.18372
0.24198	0.156158	-1.26907
0.275317	0.111945	-1.39368
0.253565	0.112891	-1.57573
0.247418	0.0979956	-1.6138
0.264678	0.0736429	-1.62798
0.247891	0.0814452	-1.65872
0.236542	0.0717515	-1.58684
0.218809	0.0797902	-1.50551
0.155918	0.0471624	-1.41259
0.168686	0.0722243	-1.28752
0.13062	0.082391	-1.19649
0.140786	0.0563833	-1.07662
0.124236	0.0102787	-0.965967
0.116434	-0.0537948	-0.777766
0.113833	-0.0892598	-0.622665
0.10012	-0.127562	-0.504685
0.0535424	-0.221899	-0.362588
************TIME_SERIES************
ClassID: 1
TimeSeriesLength: 34
TimeSeriesData: 
-0.018097	0.407487	0.970897
-0.0313373	0.412689	1.00518
0.107922	0.399448	0.926921
0.296833	0.367766	0.801138
0.321658	0.31717	0.624758
0.437038	0.298728	0.271999
0.810839	0.259953	-0.501611
0.921963	0.135116	-0.728824
1.02576	0.0927941	-0.779657
0.725014	0.1441	-0.891727
0.551472	0.150247	-0.978734
0.567549	0.112418	-0.950126
0.432782	0.0270655	-1.10097
0.487398	0.194697	-1.22983
0.598522	0.050236	-1.47619
0.653374	0.0166624	-1.59843
0.675599	0.0953948	-1.67078
0.615309	0.12684	-1.66463
0.519317	0.161123	-1.56911
0.43491	0.192096	-1.43931
0.359724	0.162778	-1.30123
0.316693	0.116437	-1.14542
0.311491	0.0802631	-1.00451
0.285247	0.0161896	-0.900948
0.238906	-0.0230584	-0.833801
0.309364	-0.168465	-0.75625
0.234414	-0.0632521	-0.730479
0.158519	-0.112194	-0.664987
0.120217	-0.17674	-0.609662
0.0736392	-0.182415	-0.570886
0.0639455	-0.303469	-0.473003
0.0261161	-0.320965	-0.386941
0.0079107	-0.375817	-0.346038
0.119507	-0.475356	-0.385286
************TIME_SERIES************
ClassID: 1
TimeSeriesLength: 37
TimeSeriesData: 
-0.0755504	0.409142	1.03899
0.0301355	0.403231	0.92101
0.0213874	0.342468	0.872068
0.0372285	0.341049	0.538224
0.452406	0.321898	-0.466856
0.788142	0.182166	-1.10381
0.946552	0.0977592	-1.0343
0.845831	0.0842824	-1.12792
0.599704	0.141499	-1.08489
0.350503	0.11029	-1.15228
0.304871	0.12353	-1.2582
0.378402	0.118565	-1.38209
0.411503	0.109108	-1.47619
0.486216	0.0939762	-1.53081
0.503239	0.110527	-1.54712
0.462809	0.115965	-1.48518
0.35334	0.10036	-1.37405
0.374146	0.0736429	-1.33031
0.316693	0.0329763	-1.26884
0.322604	-0.0362987	-1.16883
0.296123	-0.0897327	-1.08513
0.252147	-0.0821668	-1.00167
0.233232	-0.0535584	-0.990793
0.134403	-0.0613607	-0.870211
0.1266	-0.117395	-0.766417
0.174124	-0.128035	-0.747739
0.115724	-0.188798	-0.671607
0.125182	-0.224736	-0.595239
0.139368	-0.281244	-0.524545
0.147879	-0.33255	-0.521235
0.128965	-0.354775	-0.471348
0.109341	-0.409155	-0.433282
0.124709	-0.445565	-0.443449
0.100593	-0.502546	-0.418623
0.0854609	-0.543449	-0.407511
0.105085	-0.599956	-0.437301
0.106267	-0.634949	-0.483642
************TIME_SERIES************
ClassID: 2
TimeSeriesLength: 50
TimeSeriesData: 
0.276263	-0.271787	-0.937359
0.260658	-0.269895	-0.941142
0.25853	-0.269186	-0.942324
0.251674	-0.268004	-0.933576
0.256166	-0.26493	-0.939014
0.25593	-0.274387	-0.927901
0.242453	-0.272023	-0.930266
0.264678	-0.274151	-0.949417
0.256166	-0.274387	-0.943269
0.246472	-0.268713	-0.916316
0.26586	-0.27486	-0.94256
0.289267	-0.284554	-0.949653
0.311255	-0.299922	-0.956746
0.349321	-0.316473	-0.984409
0.453588	-0.338697	-1.05865
0.489762	-0.356903	-1.07473
0.552181	-0.363759	-0.994812
0.719103	-0.395205	-0.963366
0.784595	-0.330659	-0.854843
0.952227	-0.318128	-0.850351
0.714847	-0.270604	-0.627631
0.828335	-0.256182	-0.269197
0.815804	-0.266112	-0.101802
0.507259	-0.170357	0.177426
0.0998834	-0.0379537	0.55501
-0.202042	-0.0112367	0.903514
-0.407976	0.0462166	1.06287
-0.157829	0.0852282	1.01227
-0.0441047	0.0384143	0.950564
-0.0204613	0.0154803	0.829273
-0.0386667	-0.0176204	0.770638
0.014058	0.0247012	0.730208
0.10012	-0.0107639	0.642018
0.0625269	-0.0249499	0.615537
-0.00674818	-0.0294421	0.65644
-0.0599457	-0.00981814	0.655731
-0.0119497	-0.00107009	0.578417
-0.0131319	0.0473988	0.572979
-0.0424497	0.113837	0.619084
0.00389133	0.147174	0.615774
0.044085	0.283832	0.596386
0.0275347	0.329701	0.646747
0.0592168	0.36753	0.7652
-0.0195156	0.490239	0.673464
-0.0294458	0.544619	0.770165
-0.00391098	0.724545	0.875614
0.0585075	0.846072	0.845587
0.190674	0.983203	0.981773
0.160647	1.03995	1.12623
0.0807323	1.0189	1.21442
************TIME_SERIES************
ClassID: 2
TimeSeriesLength: 47
TimeSeriesData: 
0.22543	-0.343662	-0.88818
0.250019	-0.350519	-0.903549
0.231104	-0.343899	-0.914661
0.236306	-0.340589	-0.91939
0.235596	-0.341771	-0.900948
0.245054	-0.342007	-0.912297
0.246472	-0.348864	-0.934521
0.240798	-0.340589	-0.909932
0.247182	-0.331131	-0.89149
0.246472	-0.329949	-0.902839
0.268933	-0.345081	-0.912297
0.321185	-0.375345	-0.971878
0.45548	-0.436581	-1.0395
0.582681	-0.46448	-1.09766
0.66827	-0.414829	-1.09813
0.663541	-0.335387	-0.949653
0.960029	-0.373689	-0.84113
0.826917	-0.357612	-0.75294
0.750549	-0.272496	-0.227112
0.670398	-0.256418	0.147162
0.479123	-0.175558	0.381941
0.0133487	-0.0400816	0.686231
-0.229705	-0.0185662	0.949618
-0.418143	0.0388872	1.04348
-0.122837	0.0161896	0.962149
-0.0339381	-0.00272513	0.890983
-0.0455233	-0.0403181	0.746522
-0.100849	-0.0393723	0.677483
-0.0287365	-0.0374809	0.636816
0.0783679	-0.0464653	0.576289
-0.0932829	-0.0398452	0.598751
-0.0689302	-0.0166747	0.55832
-0.0696395	0.0225733	0.531131
-0.0670388	0.057329	0.519782
-0.0944651	0.100596	0.55501
-0.0566357	0.190441	0.572979
-0.0117133	0.278394	0.617429
-0.00296525	0.373204	0.721223
0.000344825	0.487638	0.711057
0.0393564	0.537526	0.745812
0.044085	0.654324	0.7957
-0.0850077	0.746769	0.846533
-0.000364476	0.869951	0.921955
0.181689	1.08345	1.01677
0.0703292	1.11395	1.18629
-0.00296525	1.14611	1.22719
0.111705	1.08251	1.17494
************TIME_SERIES************
ClassID: 2
TimeSeriesLength: 40
TimeSeriesData: 
0.382658	-0.41743	-0.971641
0.539886	-0.470391	-1.02295
0.54958	-0.414592	-0.978498
0.666142	-0.40348	-0.937359
0.921254	-0.455732	-0.864301
0.889335	-0.399224	-0.734735
0.780339	-0.328058	-0.367317
0.870893	-0.428542	-0.0977828
0.781994	-0.208422	0.143616
0.356414	-0.0705816	0.38596
-0.0237714	-0.0339344	0.647692
-0.401592	-0.0351165	0.980355
-0.41105	0.0273019	1.04372
-0.139387	0.0258833	0.965932
-0.0441047	-0.038663	0.814142
-0.076969	-0.0651436	0.767091
-0.0601822	-0.0679808	0.679138
0.0213874	-0.0140739	0.627123
0.0563796	-0.0563956	0.573452
0.0254068	-0.0599421	0.503704
-0.0370117	-0.00721737	0.513635
-0.102031	0.00838725	0.507487
-0.0540349	0.062767	0.435848
0.0204417	0.142445	0.294697
-0.00485672	0.176492	0.247647
-0.0102947	0.266809	0.451216
0.0608718	0.504425	0.571561
0.0663098	0.631153	0.756688
0.029899	0.832122	1.01724
0.0341548	0.933788	1.05814
0.0648912	1.0059	1.12623
0.164666	1.0695	1.17565
0.209352	1.1863	1.16926
0.163957	1.12837	1.26266
0.232523	1.06761	1.31183
0.172469	1.01252	1.1896
0.141969	0.955067	1.20828
0.164193	0.909672	1.07493
0.124236	0.848909	0.995959
0.145279	0.831886	0.925975
************TIME_SERIES************
ClassID: 2
TimeSeriesLength: 35
TimeSeriesData: 
0.425925	-0.33586	-0.939487
0.469193	-0.347682	-0.965494
0.514115	-0.364469	-0.988901
0.606797	-0.372271	-0.964312
0.711774	-0.398279	-0.950126
0.869475	-0.370143	-0.88487
0.960975	-0.324511	-0.876359
0.772537	-0.272969	-0.596658
0.837793	-0.290938	-0.209852
0.821715	-0.258783	-0.0282713
0.603014	-0.201093	0.222112
0.356887	-0.104155	0.337728
-0.0367753	-0.0483568	0.716495
-0.28243	0.00838725	0.786952
-0.277228	0.100123	0.886017
-0.0968294	0.106034	0.929758
-0.0580543	0.0923212	0.875378
0.0693834	0.0712786	0.68765
0.0317905	0.0764801	0.613173
0.0913718	0.062767	0.52451
0.0438486	0.0601662	0.507014
-0.0344109	0.0722243	0.496611
-0.0112404	0.12093	0.48408
-0.0192792	0.158523	0.491883
-0.0504884	0.198007	0.464929
-0.0159691	0.307949	0.418588
0.12991	0.421673	0.441759
0.145752	0.62075	0.591658
0.0488137	0.685533	0.693797
0.0492866	0.918657	0.828328
0.0159494	1.03735	0.848425
0.0790772	1.11561	1.08888
0.198949	1.21751	1.11512
0.131802	1.21562	1.19031
0.189492	1.2395	1.18345
************TIME_SERIES************
ClassID: 2
TimeSeriesLength: 35
TimeSeriesData: 
0.460681	-0.348864	-0.92932
0.536813	-0.351465	-0.931448
0.56282	-0.368488	-0.91608
0.704444	-0.387875	-0.935467
0.940878	-0.418612	-0.911587
1.11206	-0.41412	-0.961238
0.896192	-0.289519	-0.633778
0.944661	-0.314581	-0.416259
0.918417	-0.372271	-0.0370194
0.712483	0.163015	0.0582634
0.338208	-0.0764924	0.409131
0.0133487	-0.035353	0.669444
-0.244837	-0.0110003	0.869231
-0.365182	-0.017384	0.901386
-0.174143	-0.0162018	0.829746
-0.0441047	-0.0800389	0.699471
-0.0381939	-0.09588	0.610572
-0.0734225	-0.0942249	0.573216
-0.0121862	-0.0812211	0.475332
0.126837	-0.0545041	0.378867
0.0185502	-0.0251863	0.430173
-0.0296822	-0.0136011	0.411259
-0.0429225	0.0871196	0.415042
-0.0443411	0.166561	0.411732
0.0291897	0.29991	0.454053
0.0159494	0.481964	0.467766
0.0166587	0.572991	0.559266
0.11667	0.728801	0.682448
0.0518874	0.906835	0.858591
0.083333	0.968308	1.0475
0.14717	1.09338	1.0676
0.185236	1.14587	1.18794
0.266569	1.15249	1.32129
0.286193	1.15485	1.31278
0.249073	1.0974	1.38915
************TIME_SERIES************
ClassID: 5
TimeSeriesLength: 41
TimeSeriesData: 
0.0729299	0.168926	0.972552
0.0906625	0.164906	0.973498
0.0937361	0.155213	0.979645
0.087116	0.157577	0.978699
0.101302	0.15734	1.00636
0.299906	0.144337	0.837076
0.266569	0.15805	0.800429
-0.20417	0.246003	0.685049
-0.54889	0.251914	0.578417
-0.905905	0.246003	0.385251
-1.30335	0.223778	0.566123
-1.13052	0.154503	0.428991
-0.879425	0.137716	0.176244
-1.04422	0.189259	0.113352
-1.00781	0.202499	0.0230348
-1.06999	0.182402	0.0324921
-0.933804	0.185949	0.000810015
-0.922692	0.224488	-0.101093
-0.88108	0.241038	-0.150744
-0.892665	0.229689	-0.177934
-0.929785	0.217158	-0.227585
-0.907087	0.217631	-0.284329
-0.943498	0.234891	-0.219546
-0.91087	0.240565	-0.232314
-0.934041	0.268701	-0.220965
-0.929785	0.284305	-0.199449
-0.938297	0.285015	-0.142469
-0.923401	0.286906	-0.110077
-0.946099	0.294945	-0.149325
-0.946808	0.283832	-0.0717751
-0.92813	0.276976	-0.0181047
-0.964068	0.273902	-0.0228333
-0.970452	0.284305	-0.0365465
-0.935223	0.270119	0.0478603
-0.906615	0.24553	0.0743409
-0.903777	0.247658	0.0447867
-0.888409	0.256879	0.12612
-0.857909	0.230635	0.171279
-0.822681	0.197298	0.204143
-0.838758	0.186422	0.237244
-0.841832	0.176492	0.221403
************TIME_SERIES************
ClassID: 5
TimeSeriesLength: 38
TimeSeriesData: 
0.166321	0.163015	0.953638
0.259003	0.11431	0.781987
0.117379	0.179802	0.693088
-0.327589	0.253096	0.593313
-0.603743	0.259953	0.421189
-1.18963	0.226615	0.377685
-1.29839	0.205809	0.479825
-1.05037	0.228271	0.279565
-1.0045	0.243166	0.0353293
-0.991021	0.237491	0.0381665
-0.991731	0.231817	0.0700851
-0.983219	0.205336	-0.0218876
-0.937587	0.224724	-0.0658643
-0.939715	0.254278	-0.107004
-0.967142	0.25948	-0.154527
-0.95863	0.253805	-0.197794
-0.967378	0.260189	-0.175806
-0.967614	0.274848	-0.121426
-0.951537	0.293999	-0.111969
-0.951064	0.307712	-0.114806
-0.95863	0.306294	0.00908519
-0.927894	0.301565	0.0412402
-0.922219	0.276976	0.0121588
-0.927421	0.303456	0.0173604
-0.922219	0.327809	0.107442
-0.879661	0.305111	0.157329
-0.858619	0.298491	0.17317
-0.87446	0.297782	0.212891
-0.917963	0.314569	0.229441
-0.926475	0.303693	0.349313
-0.87044	0.280995	0.319759
-0.933804	0.290925	0.288077
-0.92813	0.283123	0.250247
-0.883208	0.265863	0.245992
-0.91087	0.25546	0.176244
-0.915363	0.240802	0.154728
-0.89763	0.233708	0.121628
-0.879898	0.187131	0.135814
************TIME_SERIES************
ClassID: 5
TimeSeriesLength: 44
TimeSeriesData: 
0.141732	0.12093	0.995959
0.16112	0.12755	0.995013
0.175069	0.119275	0.998087
0.181453	0.107689	1.01085
0.257112	0.113364	0.941343
0.6477	0.062767	0.625704
0.699952	0.0812088	0.332999
-0.712266	0.323317	0.31834
-1.32487	0.281941	0.292569
-1.46081	0.394483	0.556193
-1.02058	0.117856	0.466821
-0.834975	0.165143	0.171042
-1.00048	0.283596	-0.0729573
-1.04682	0.217395	0.00884876
-1.0227	0.183348	-0.00746516
-0.968797	0.208647	-0.134194
-0.983455	0.267519	-0.175097
-0.979909	0.315515	-0.0909262
-0.963595	0.324026	-0.209616
-1.00332	0.333247	-0.240825
-0.999769	0.355472	-0.164221
-0.952719	0.336321	-0.154054
-0.954847	0.362328	-0.152635
-0.9182	0.383844	-0.126391
-0.918436	0.333956	-0.0575891
-0.884863	0.348615	-0.0561705
-0.880607	0.322608	-0.00462796
-0.890774	0.308422	0.0107402
-0.905669	0.296363	0.0334379
-0.892665	0.298964	0.106259
-0.888646	0.302274	0.134159
-0.935223	0.314569	0.127775
-0.948936	0.307476	0.175771
-0.925293	0.287615	0.185465
-0.94137	0.290689	0.162294
-0.932149	0.27603	0.158984
-0.964068	0.234181	0.188538
-0.932859	0.220468	0.245992
-0.907797	0.197298	0.302263
-0.839231	0.200608	0.359716
-0.795491	0.186658	0.392581
-0.78627	0.156158	0.379104
-0.764518	0.132042	0.371065
-0.770429	0.109108	0.349786
************TIME_SERIES************
ClassID: 5
TimeSeriesLength: 37
TimeSeriesData: 
0.069147	0.128023	1.01511
0.0790772	0.132278	1.00802
0.04243	0.151902	1.01416
0.0535424	0.143391	1.02055
0.0693834	0.136534	1.03332
0.067492	0.147174	1.00163
0.0972826	0.140081	0.989575
0.286902	0.109344	0.827382
0.128492	0.204627	0.734936
-0.225449	0.215267	0.655022
-0.786979	0.185949	0.581964
-0.90094	0.21172	0.417406
-1.1518	0.223305	0.400146
-1.12508	0.220468	0.33891
-0.952956	0.102251	0.214782
-0.950828	0.19115	0.191848
-0.938533	0.210538	0.137705
-0.984874	0.150484	-0.0285078
-0.925056	0.121875	0.0677207
-0.926948	0.14741	-0.0445852
-0.969979	0.189968	-0.115515
-0.995986	0.218813	-0.102984
-1.00663	0.197534	-0.146252
-0.987002	0.191387	-0.139159
-0.946808	0.212429	-0.128283
-0.936405	0.250022	-0.095182
-0.935932	0.27603	-0.0538062
-0.906615	0.256406	-0.0143217
-0.923401	0.272956	-0.0159768
-0.946335	0.28927	-0.000372153
-0.978018	0.278631	0.0447867
-0.994568	0.269174	0.0518797
-1.07614	0.308185	-0.0169225
-1.10475	0.298728	-0.0145582
-1.06384	0.271301	0.0428952
-1.05533	0.303929	0.0930191
-0.947281	0.346487	0.17648
************TIME_SERIES************
ClassID: 5
TimeSeriesLength: 38
TimeSeriesData: 
0.0112208	0.154976	1.03308
0.00625567	0.157813	1.03095
0.0320269	0.155213	0.993358
0.145279	0.131333	0.889091
0.182162	0.119747	0.700181
-0.346503	0.15805	0.71484
-0.564259	0.259716	0.606317
-0.974944	0.294708	0.456418
-1.20665	0.241747	0.554538
-1.03996	0.0606391	0.571561
-0.905432	0.342232	0.408422
-0.951773	0.152612	0.180027
-1.00804	0.114782	0.111697
-1.00284	0.102015	-0.00415509
-1.02956	0.0906662	-0.108422
-1.07377	0.14741	-0.124736
-1.00686	0.212193	-0.129701
-0.978727	0.22567	-0.153581
-0.93877	0.25546	-0.152399
-0.910634	0.274612	-0.11126
-0.889118	0.259716	-0.0840697
-0.886754	0.246712	-0.0223605
-0.878243	0.278158	-0.0244884
-0.855072	0.270592	0.0289456
-0.79951	0.246003	0.118081
-0.801638	0.23891	0.157566
-0.882971	0.250259	0.159221
-0.875642	0.237491	0.213837
-0.88037	0.208883	0.266798
-0.912762	0.21172	0.156383
-0.94137	0.224015	0.129903
-1.03311	0.206046	0.145744
-1.06503	0.175782	0.151655
-1.20925	0.177201	0.0632285
-1.15794	0.241984	0.013341
-1.1369	0.201317	0.168441
-0.946099	0.147174	0.170806
-0.876115	0.162306	0.182627
************TIME_SERIES************
ClassID: 4
TimeSeriesLength: 37
TimeSeriesData: 
-0.238453	0.162306	1.09242
-0.300635	0.195643	1.21371
-0.298034	0.174364	1.15224
-0.184546	0.0991778	0.868521
0.333953	-0.0296786	0.250247
0.88768	-0.130636	-0.114097
1.26928	-0.198019	-0.179825
1.11655	-0.179341	-0.216709
0.809894	-0.16019	-0.324759
0.906358	-0.162554	-0.410584
0.881533	-0.161845	-0.384104
0.893591	-0.167519	-0.443685
0.876331	-0.18336	-0.489553
0.905176	-0.209132	-0.566867
0.919835	-0.220008	-0.623611
0.899265	-0.224973	-0.665696
0.864983	-0.209368	-0.668061
0.894064	-0.223554	-0.6787
0.899029	-0.225682	-0.711801
0.823134	-0.210787	-0.68201
0.806111	-0.196601	-0.65553
0.855289	-0.143403	-0.616045
0.867583	-0.10983	-0.586018
0.872076	-0.0528491	-0.506813
0.897138	-0.0542677	-0.452906
0.94206	-0.0344072	-0.406802
0.907777	-0.0117096	-0.309391
0.916998	0.0374686	-0.298279
0.939459	0.0277748	-0.25241
0.93875	0.032267	-0.168713
0.990765	0.010988	-0.110787
1.05035	-0.00177939	-0.0623178
1.09385	-0.022822	-0.00533726
1.1227	-0.0497754	0.054244
1.13948	-0.0795661	0.0523525
1.10851	-0.10581	0.0663021
1.2525	-0.0292057	0.0360386
************TIME_SERIES************
ClassID: 4
TimeSeriesLength: 33
TimeSeriesData: 
-0.339647	0.196825	1.17872
-0.0772054	0.12684	0.830692
0.332534	0.0745887	0.26467
0.791925	-0.0946978	-0.197794
1.20332	-0.185961	-0.284802
1.27614	-0.162318	-0.332798
0.977289	-0.138674	-0.378902
0.938986	-0.140566	-0.440612
0.913688	-0.15026	-0.474422
0.914397	-0.162081	-0.561193
0.918417	-0.166101	-0.613208
0.929529	-0.197783	-0.664751
0.944188	-0.206767	-0.697142
0.879405	-0.205112	-0.75365
0.873021	-0.181469	-0.732607
0.847014	-0.162081	-0.699743
0.816987	-0.154516	-0.636615
0.792634	-0.150969	-0.57065
0.75906	-0.12969	-0.591456
0.744165	-0.113376	-0.54677
0.808711	-0.113376	-0.511069
0.81675	-0.0552134	-0.394507
0.867347	-0.0381902	-0.326414
0.929293	-0.0232949	-0.220019
0.976343	-0.044101	-0.183608
0.999277	-0.0381902	-0.0767402
1.05437	-0.0502483	-0.0450581
1.05744	-0.0615971	0.0251627
1.06335	-0.0935156	0.104841
1.04325	-0.0807482	0.110988
1.07328	-0.112194	0.111225
1.06311	-0.141748	0.129193
1.10354	-0.141985	0.106259
************TIME_SERIES************
ClassID: 4
TimeSeriesLength: 39
TimeSeriesData: 
-0.208899	0.216449	0.96806
-0.195895	0.214085	0.968533
-0.208899	0.206991	1.01487
-0.253585	0.214085	1.06925
-0.287395	0.230398	1.16383
-0.14719	0.215976	1.08911
0.0724571	0.133224	0.914626
0.446022	-0.0332251	0.474387
1.03876	-0.14695	-0.020469
0.967831	-0.150023	-0.180298
1.03356	-0.0679808	-0.470166
0.923145	-0.0563956	-0.513197
0.835192	-0.110775	-0.457871
0.790742	-0.120233	-0.486243
0.806111	-0.106519	-0.574669
0.889335	-0.124961	-0.642289
0.893827	-0.137019	-0.657894
0.947734	-0.136547	-0.712983
0.896901	-0.115031	-0.727642
0.899029	-0.127326	-0.690522
0.931184	-0.118105	-0.661204
0.906831	-0.081694	-0.617227
0.914161	-0.0641979	-0.551262
0.874676	-0.0559227	-0.499956
0.900684	-0.0589963	-0.447941
0.892882	-0.0436281	-0.413658
0.874203	-0.022822	-0.351713
0.827626	-0.0649072	-0.313647
0.948444	-0.0377173	-0.264941
0.861436	0.141263	-0.338472
0.812967	0.0684414	-0.352658
0.829281	-0.0251863	-0.189046
1.00968	-0.0578142	-0.0973099
1.03238	-0.0100546	0.0119224
1.03876	0.00673222	0.19705
1.0572	-0.0074538	0.20367
1.04987	-0.0422095	0.221403
1.06146	-0.0715273	0.215492
1.03001	-0.0736552	0.15
************TIME_SERIES************
ClassID: 4
TimeSeriesLength: 40
TimeSeriesData: 
-0.17107	0.241511	0.969242
-0.16705	0.242693	0.956238
-0.199205	0.240802	1.00423
-0.261387	0.255933	1.00305
-0.327352	0.24553	1.08628
-0.307019	0.253569	1.12742
-0.15381	0.238437	1.04727
0.0244611	0.168689	0.856463
0.46139	0.115728	0.243864
0.993602	-0.0117096	-0.138213
1.17731	-0.0720002	-0.220255
1.15745	-0.131109	-0.319321
0.977289	-0.0755467	-0.333271
0.966885	-0.110066	-0.33729
0.979889	-0.0831126	-0.39829
0.957901	-0.0913877	-0.449123
0.980362	-0.114795	-0.488608
1.06501	-0.134655	-0.571596
1.02008	-0.135601	-0.60115
0.983672	-0.119996	-0.610607
0.991475	-0.0956435	-0.623375
0.993602	-0.0956435	-0.582235
0.876331	-0.0426824	-0.498538
0.880351	-0.0261321	-0.476786
0.903521	0.00625935	-0.426189
0.909905	0.0105152	-0.294496
1.0033	0.0339221	-0.190701
1.02008	0.0561468	-0.0866704
1.04065	0.102251	-0.0218876
1.02481	0.0365229	0.0334379
1.02718	0.0509453	0.0828525
0.962866	0.0341585	0.109097
0.954354	-0.0188026	0.118554
0.951044	-0.024477	0.139597
0.957428	-0.0625428	0.175534
0.946316	-0.0729459	0.207453
1.0669	-0.0894963	0.181209
0.89761	-0.164446	0.2746
0.994548	-0.0994265	0.250484
1.03427	-0.112194	0.195395
************TIME_SERIES************
ClassID: 4
TimeSeriesLength: 46
TimeSeriesData: 
-0.0549806	0.167034	0.99194
-0.0554535	0.171763	0.981537
-0.0452869	0.176964	0.984847
-0.0452869	0.170108	0.988393
-0.0483605	0.166088	0.987448
-0.116926	0.176255	1.06216
-0.107469	0.187604	1.09219
-0.0457597	0.180511	1.1111
-0.10345	0.133224	1.16572
-0.0152598	0.0956313	0.833293
0.89099	-0.00934527	-0.0441124
1.11182	-0.0296786	-0.0604263
1.12222	-0.0835854	-0.146961
1.02292	-0.102027	-0.263759
0.882006	-0.0942249	-0.285748
0.870421	-0.11243	-0.324523
0.916762	-0.0939885	-0.331852
0.883424	-0.101318	-0.379139
0.913924	-0.0998993	-0.415786
0.943242	-0.123543	-0.414131
0.955064	-0.114085	-0.44605
0.951754	-0.119523	-0.479387
1.01417	-0.126853	-0.534949
1.05318	-0.129454	-0.564976
0.960029	-0.112667	-0.549844
1.02599	-0.126143	-0.604696
1.0007	-0.11976	-0.602096
0.964285	-0.0542677	-0.572778
0.887444	-0.130872	-0.560011
0.898556	-0.100372	-0.533294
0.915343	-0.0656165	-0.479387
0.887207	-0.0417367	-0.441321
0.880114	-0.0462289	-0.360224
0.924091	-0.0571049	-0.333744
0.908486	-0.019039	-0.29686
0.915343	-0.010291	-0.233969
0.965703	-0.019039	-0.180298
0.954354	0.00176711	-0.155236
0.937568	0.00625935	-0.149089
0.930002	-0.0270778	-0.0502596
0.955773	-0.0497754	-0.0091202
0.933075	-0.0287328	0.025872
0.904231	-0.0266049	0.0618099
0.950099	-0.0722366	0.0982207
0.982017	-0.0828761	0.101531
1.0747	-0.0819304	0.0719765
************TIME_SERIES************
ClassID: 3
TimeSeriesLength: 81
TimeSeriesData: 
0.154027	0.339867	0.900676
0.140314	0.341759	0.904223
0.154972	0.346251	0.889564
0.168922	0.344123	0.926448
0.162065	0.353107	0.968296
0.168213	0.365166	0.965459
0.173414	0.37415	0.987448
0.181453	0.379824	0.981773
0.187837	0.383371	0.965932
0.19493	0.38148	0.955056
0.183817	0.37746	0.925265
0.173178	0.369894	0.920773
0.196348	0.361856	0.913207
0.170104	0.382898	0.896893
0.124	0.411034	0.947727
0.125891	0.454774	1.13806
0.0901896	0.514828	1.31845
0.0206781	0.617204	1.50571
0.000108391	0.678677	1.6296
-0.0859534	0.710832	1.6679
-0.151918	0.743223	1.5991
-0.0968294	0.730456	1.47332
-0.0677481	0.676549	1.38064
-0.0779147	0.626898	1.21064
-0.0854806	0.551239	1.1007
0.0126394	0.456665	1.00565
0.0317905	0.369894	0.888145
0.0213874	0.250259	0.772766
0.0963369	0.192805	0.689541
0.216918	0.0277748	0.51789
0.242689	-0.109357	0.370592
0.260422	-0.185488	0.277674
0.276972	-0.308434	0.239844
0.212899	-0.376527	0.232279
0.152608	-0.404899	0.22755
0.0202052	-0.429961	0.28524
-0.0318101	-0.460461	0.359243
-0.0381939	-0.437763	0.402984
-0.0646744	-0.416957	0.449088
-0.181236	-0.352174	0.643909
-0.206535	-0.319546	0.658332
-0.0876085	-0.262093	0.586929
-0.124019	-0.164919	0.666134
-0.150736	-0.134892	0.736355
-0.0228257	-0.0393723	0.66377
0.110286	-0.0112367	0.686704
0.063709	0.0979956	0.84275
0.134876	0.190205	0.865448
0.268933	0.263263	0.877033
0.402046	0.338685	0.982719
0.455243	0.396848	1.02173
0.603487	0.494022	1.06807
0.727851	0.552421	1.139
0.816987	0.548875	1.25083
0.872076	0.556913	1.26076
0.880114	0.522867	1.25202
0.792634	0.494968	1.29339
0.750549	0.472506	1.25367
0.776556	0.474634	1.0144
0.670161	0.404177	0.971606
0.626185	0.406305	0.957893
0.653138	0.38739	0.799956
0.672762	0.383607	0.777494
0.724305	0.39472	0.689068
0.644863	0.392592	0.703491
0.633041	0.468251	0.671099
0.5867	0.508208	0.69758
0.510332	0.544382	0.708219
0.508441	0.618386	0.736828
0.473685	0.654087	0.792626
0.314802	0.698064	0.831165
0.218337	0.723835	0.80894
0.108868	0.690735	0.846533
-0.108178	0.664727	0.956948
-0.217883	0.660471	0.978936
-0.248856	0.605382	1.00234
-0.268244	0.608929	1.0345
-0.346267	0.543909	1.03095
-0.30631	0.507026	0.999742
-0.270845	0.500878	0.976099
-0.204643	0.463049	1.00021
************TIME_SERIES************
ClassID: 3
TimeSeriesLength: 72
TimeSeriesData: 
0.213608	0.405596	0.895002
0.212662	0.403468	0.897839
0.213844	0.405596	0.914626
0.225193	0.41127	0.93425
0.216918	0.423801	0.942762
0.206988	0.453119	1.00802
0.177906	0.461631	1.12434
0.171523	0.522158	1.28701
0.112887	0.598053	1.46433
0.0998834	0.640138	1.53385
0.137713	0.664254	1.54945
0.131802	0.664727	1.54969
0.0377013	0.654797	1.48963
-0.00060091	0.616967	1.43005
-0.0147869	0.53658	1.36243
-0.0313373	0.494022	1.26407
-0.0485969	0.477708	1.17328
0.0499959	0.390937	1.01724
0.129674	0.369658	0.931649
0.162538	0.290216	0.713185
0.2181	0.212193	0.600406
0.39377	0.0516546	0.343639
0.314092	-0.141748	0.28855
0.246236	-0.22119	0.326616
0.246709	-0.316709	0.268689
0.172941	-0.375817	0.285003
0.0530695	-0.419085	0.328743
-0.0485969	-0.474883	0.32236
-0.122601	-0.469209	0.304391
-0.203461	-0.465189	0.343402
-0.207244	-0.469209	0.36941
-0.221903	-0.424996	0.407239
-0.250038	-0.360449	0.412677
-0.190694	-0.348391	0.431356
-0.166341	-0.259728	0.550991
-0.218356	-0.185961	0.574634
-0.0587636	-0.104864	0.583619
0.0554339	0.00389501	0.639417
0.102957	0.144337	0.723588
0.267988	0.235836	0.820762
0.433255	0.334193	0.865684
0.619801	0.4491	0.942052
0.58741	0.53327	0.996432
0.768281	0.615312	1.11016
0.808948	0.662836	1.19244
0.918889	0.709886	1.30994
1.0442	0.680804	1.27684
1.01701	0.653851	1.2584
0.917471	0.598998	1.21513
0.877986	0.561878	1.13144
0.82006	0.499933	1.03001
0.794289	0.472506	0.930467
0.791215	0.448627	0.881052
0.781522	0.408433	0.782223
0.758115	0.415526	0.746049
0.73258	0.417417	0.694033
0.751258	0.427348	0.695925
0.716029	0.46896	0.64982
0.666378	0.505371	0.648402
0.605851	0.534925	0.651948
0.492127	0.59758	0.670154
0.462336	0.629026	0.721696
0.337499	0.680568	0.772293
0.20486	0.71887	0.798064
0.0890074	0.726673	0.858118
-0.0247171	0.751498	0.901859
-0.0694031	0.727855	0.875142
-0.166577	0.693808	0.869467
-0.273682	0.626188	0.880343
-0.362108	0.486929	0.88058
-0.419088	0.386681	0.901622
-0.360689	0.412452	0.97799
************TIME_SERIES************
ClassID: 3
TimeSeriesLength: 78
TimeSeriesData: 
0.198476	0.419545	0.902568
0.197294	0.41789	0.89382
0.189019	0.422146	0.878452
0.180507	0.417181	0.884599
0.176251	0.419545	0.884599
0.165612	0.425456	0.880107
0.163248	0.43184	0.87987
0.1545	0.431131	0.913207
0.156864	0.431367	0.923374
0.151189	0.462576	0.935196
0.14717	0.493549	1.06523
0.13393	0.543673	1.3142
0.125182	0.710359	1.55229
0.135112	0.736839	1.57238
0.166321	0.7872	1.64946
0.120453	0.794293	1.66483
0.116434	0.775141	1.54165
0.0977555	0.725727	1.38631
0.0856974	0.680568	1.31514
0.0128758	0.601836	1.25769
0.0194959	0.548165	1.14349
0.111705	0.442243	0.87987
0.215263	0.284069	0.731863
0.215263	0.206046	0.648165
0.209116	0.0781352	0.502759
0.270116	0.00838725	0.360426
0.322131	-0.155698	0.273418
0.327569	-0.235376	0.296825
0.272953	-0.310562	0.260651
0.241507	-0.357376	0.303445
0.184527	-0.393313	0.385724
0.109577	-0.449112	0.42048
0.0682013	-0.464244	0.390216
0.0209145	-0.48103	0.354278
-0.0658566	-0.492852	0.451453
-0.106287	-0.48174	0.470131
-0.0968294	-0.446038	0.420953
-0.0973023	-0.422868	0.436557
-0.126384	-0.366596	0.53846
-0.13655	-0.33917	0.54177
-0.13726	-0.23443	0.561867
-0.0254264	-0.150969	0.631378
0.0135851	-0.0684537	0.706801
0.0748214	0.0535461	0.764727
0.165375	0.128259	0.787425
0.267278	0.269646	0.901386
0.36327	0.37084	1.02102
0.459026	0.434441	1.04206
0.580317	0.505371	1.06736
0.817223	0.527595	1.13924
0.771828	0.587177	1.33146
0.856944	0.564006	1.335
0.958847	0.538708	1.23618
0.920544	0.524758	1.25982
0.889808	0.524995	1.22625
0.825262	0.485747	1.10614
0.808002	0.466832	1.04135
0.794525	0.43515	0.912971
0.768518	0.422619	0.839677
0.792161	0.41127	0.771347
0.742274	0.431603	0.736591
0.674417	0.453355	0.703491
0.617909	0.491421	0.695688
0.579844	0.527595	0.68765
0.501111	0.559514	0.713657
0.407247	0.595216	0.755506
0.306999	0.643448	0.790735
0.220228	0.658343	0.832347
0.115252	0.660471	0.877506
0.0109843	0.636355	0.947727
-0.109597	0.616258	0.979645
-0.172961	0.573227	1.01038
-0.230414	0.529487	1.00045
-0.262806	0.494968	1.00116
-0.281484	0.460921	0.996432
-0.245546	0.437751	0.99123
-0.189748	0.431603	0.975389
-0.144825	0.409852	0.957657
************TIME_SERIES************
ClassID: 3
TimeSeriesLength: 71
TimeSeriesData: 
0.240561	0.376042	0.919118
0.246236	0.371786	0.923847
0.254038	0.371313	0.916754
0.253802	0.369658	0.906587
0.251437	0.365166	0.909188
0.249073	0.367293	0.922665
0.253329	0.367766	0.94418
0.22874	0.380534	1.01251
0.146934	0.430658	1.28063
0.233232	0.490003	1.39009
0.307945	0.552894	1.54307
0.209825	0.62146	1.68942
0.175306	0.660708	1.64568
0.215972	0.612948	1.56387
0.262786	0.602309	1.53101
0.203441	0.598526	1.42745
0.17436	0.5432	1.22979
0.259003	0.459975	1.14113
0.378166	0.354053	0.918645
0.335608	0.308185	0.769692
0.312201	0.209592	0.521437
0.431127	0.044798	0.34955
0.433964	-0.145531	0.211472
0.337263	-0.259019	0.203906
0.313619	-0.33917	0.222585
0.322604	-0.403953	0.227786
0.31622	-0.450058	0.26136
0.228267	-0.459278	0.350732
0.184054	-0.469682	0.348131
0.146224	-0.480557	0.32898
0.0518874	-0.495926	0.359716
-0.000837343	-0.488596	0.369883
-0.026845	-0.468499	0.400146
-0.0788604	-0.441073	0.46091
-0.0694031	-0.403953	0.53515
-0.0677481	-0.346736	0.644855
-0.0526163	-0.257601	0.643673
-0.0117133	-0.186907	0.747467
0.0384106	-0.133236	0.798773
0.0755307	0.0232826	0.845351
0.135112	0.143627	0.834711
0.317402	0.212666	0.891928
0.432782	0.303693	0.956948
0.477704	0.367293	0.983901
0.609398	0.42782	1.09266
0.737781	0.439879	1.24776
0.871366	0.463522	1.2837
0.945606	0.496386	1.2279
0.968304	0.491894	1.19953
0.922909	0.429003	1.14089
0.92149	0.424983	1.07256
0.879405	0.401576	0.913917
0.804692	0.370367	0.841804
0.813913	0.349561	0.857645
0.768045	0.313859	0.829273
0.747239	0.345305	0.798773
0.743692	0.378642	0.725952
0.705626	0.390937	0.763781
0.59001	0.45501	0.828564
0.531375	0.540363	0.81296
0.491417	0.553367	0.836366
0.417177	0.625006	0.845824
0.377456	0.656452	0.8567
0.1545	0.691917	0.888618
0.0689106	0.699719	0.841568
-0.0767325	0.618622	0.925738
-0.258314	0.572754	0.960731
-0.306782	0.561642	0.973498
-0.207953	0.508444	0.939451
-0.205589	0.472979	1.02504
-0.568278	0.50277	1.17376
************TIME_SERIES************
ClassID: 3
TimeSeriesLength: 56
TimeSeriesData: 
0.127783	0.564006	1.53479
0.190437	0.62808	1.65112
0.184527	0.650068	1.67736
0.0894803	0.642029	1.66625
0.0968097	0.606801	1.57026
0.0875888	0.567553	1.47308
0.0582711	0.49284	1.32957
0.074585	0.44177	1.23594
0.126837	0.359728	1.03284
0.198476	0.30984	0.885781
0.313147	0.202026	0.72075
0.314092	0.117383	0.465875
0.333007	0.0287205	0.412205
0.398735	-0.102973	0.230387
0.364216	-0.189744	0.203197
0.299433	-0.306542	0.20367
0.229922	-0.385984	0.266325
0.204623	-0.431143	0.267507
0.106976	-0.451003	0.290441
0.036992	-0.453368	0.331581
-0.0417404	-0.45455	0.376267
-0.0320466	-0.455259	0.383596
-0.0329923	-0.447457	0.398964
-0.102267	-0.401589	0.490228
-0.116453	-0.399697	0.572507
-0.129694	-0.260674	0.632324
-0.125438	-0.206294	0.621921
-0.0642016	-0.169647	0.673464
-0.120236	-0.0793296	0.749595
-0.0850077	-0.0166747	0.798064
0.140786	0.124476	0.79239
0.316457	0.198007	0.805867
0.445786	0.274139	0.949382
0.507259	0.359491	1.03923
0.717684	0.40465	1.1189
0.859308	0.451227	1.2279
0.881769	0.482673	1.28394
0.979416	0.496386	1.26644
0.984618	0.489293	1.23003
0.931657	0.441534	1.18582
0.887917	0.420018	1.13262
0.885079	0.393065	0.982719
0.867583	0.376278	0.86332
0.814859	0.376987	0.860719
0.754332	0.366111	0.845351
0.786959	0.375569	0.768274
0.721467	0.428766	0.757398
0.713192	0.504898	0.734227
0.690731	0.544382	0.764254
0.568968	0.627134	0.817215
0.397553	0.677494	0.848661
0.22803	0.705157	0.906587
0.132984	0.709177	0.954583
-0.0592364	0.700665	0.990521
-0.242945	0.660708	1.01889
-0.332317	0.640611	1.0293
************TIME_SERIES************
ClassID: 6
TimeSeriesLength: 86
TimeSeriesData: 
0.259476	0.371786	0.910607
0.256639	0.377224	0.889328
0.258057	0.371786	0.912025
0.28903	0.367766	0.925265
0.297542	0.370367	0.911079
0.29636	0.382425	0.888855
0.291631	0.378642	0.885072
0.287139	0.364929	0.904932
0.282174	0.37084	0.878452
0.263259	0.381952	0.855281
0.260422	0.372495	0.859301
0.274135	0.373441	0.872541
0.311019	0.383135	0.899258
0.383131	0.420018	0.910134
0.548871	0.465886	1.03923
0.783177	0.519084	1.18676
0.868529	0.55715	1.23901
0.92149	0.585522	1.27684
0.927401	0.58032	1.30687
0.872312	0.594033	1.2993
0.743219	0.618859	1.2052
0.645809	0.612475	1.14349
0.555255	0.573227	1.09313
0.45808	0.570626	1.01038
0.280992	0.535398	0.880343
0.199422	0.490475	0.813432
0.0868795	0.399212	0.761181
-0.0890271	0.269174	0.678902
-0.170597	0.178383	0.632797
-0.258077	0.0242283	0.595677
-0.296616	-0.0483568	0.649584
-0.318841	-0.0838219	0.666844
-0.359744	-0.11574	0.726898
-0.351705	-0.122124	0.778204
-0.384333	-0.14624	0.866866
-0.455263	-0.11905	0.923847
-0.487891	-0.12638	0.969715
-0.422162	-0.106283	0.956238
-0.414596	-0.0746009	1.03686
-0.43824	-0.0533219	1.07989
-0.329007	-0.0490661	1.0475
-0.194949	-0.0240042	1.0598
-0.212209	-0.0105274	1.0877
-0.184546	-0.00296156	1.05199
-0.0188063	0.00413145	1.04112
0.0287169	0.00815082	1.03592
0.00294559	-0.0126553	0.993595
0.106031	-0.00272513	0.951273
0.259003	-0.0509576	0.927393
0.237724	-0.0802754	0.914862
0.295178	-0.0554498	0.843223
0.398735	-0.0956435	0.883653
0.442239	-0.0890234	0.861428
0.510569	-0.0641979	0.856936
0.630677	-0.0994265	0.820053
0.668743	-0.17012	0.846297
0.542251	-0.17745	0.822417
0.543433	-0.208422	0.816979
0.569677	-0.257601	0.717913
0.485979	-0.268713	0.722642
0.432309	-0.266821	0.672991
0.468011	-0.260201	0.616956
0.443658	-0.265166	0.58882
0.359724	-0.225209	0.65644
0.398499	-0.199201	0.651948
0.405356	-0.142694	0.697107
0.376747	-0.113849	0.730917
0.375565	-0.0528491	0.736355
0.330643	-0.00863597	0.762126
0.312201	0.0445616	0.844878
0.315747	0.141027	0.852444
0.319767	0.168689	0.823363
0.239379	0.19848	0.900913
0.220228	0.253805	0.959312
0.173887	0.286906	0.965459
0.134403	0.330173	1.05507
0.0582711	0.383135	1.10448
0.13724	0.3881	1.05412
0.110286	0.436096	1.11583
-0.00532958	0.462813	1.14444
-0.00343811	0.4491	1.16737
0.0138215	0.503716	1.22104
-0.0684574	0.528068	1.31231
-0.0294458	0.542254	1.31065
-0.0131319	0.547929	1.28937
-0.0244807	0.535634	1.23878
************TIME_SERIES************
ClassID: 6
TimeSeriesLength: 74
TimeSeriesData: 
0.153317	0.349325	0.925738
0.146934	0.35429	0.929048
0.159228	0.352162	0.933541
0.178616	0.343177	0.946072
0.23867	0.351452	0.963331
0.307472	0.359964	1.00565
0.403464	0.368712	1.1513
0.488344	0.438933	1.22554
0.58008	0.46234	1.22601
0.636588	0.437041	1.32697
0.611762	0.433968	1.38607
0.571805	0.474398	1.35463
0.587173	0.514592	1.28133
0.575588	0.509627	1.24067
0.470138	0.514119	1.25533
0.412685	0.503479	1.19527
0.313619	0.511518	1.07989
0.244108	0.463286	0.932122
0.136294	0.405123	0.776076
-0.0351202	0.264445	0.651712
-0.147426	0.156395	0.553592
-0.300399	-0.0287328	0.501576
-0.350286	-0.0824033	0.544134
-0.373457	-0.114795	0.562813
-0.401119	-0.113376	0.645092
-0.384806	-0.100845	0.705619
-0.424763	-0.0845312	0.804448
-0.496402	-0.0923335	0.873723
-0.499712	-0.0871319	0.941107
-0.453371	-0.0795661	0.952455
-0.487654	-0.083349	0.983665
-0.460228	-0.0781475	1.04963
-0.398282	-0.0381902	1.06452
-0.32617	-0.0067445	1.04065
-0.237035	0.00342215	1.03544
-0.19424	0.0481081	1.04159
-0.135132	0.051891	1.02693
-0.104868	0.0608755	1.00636
-0.0488334	0.0738794	1.04821
-0.026845	0.0625306	1.04041
0.0381742	0.0495267	1.01416
0.154263	0.021864	1.03639
0.256639	-0.0136011	0.975626
0.315984	-0.0223491	0.92763
0.477941	-0.0604149	0.877269
0.560693	-0.163027	0.838258
0.522627	-0.188089	0.812723
0.5536	-0.233011	0.756925
0.543196	-0.312453	0.71744
0.461154	-0.311507	0.67701
0.396608	-0.301577	0.634925
0.460918	-0.300631	0.549336
0.381712	-0.28219	0.583619
0.370363	-0.24176	0.594022
0.454061	-0.21386	0.554301
0.490472	-0.134182	0.593786
0.460918	-0.0767289	0.618138
0.444131	-0.0589963	0.624522
0.48527	0.055674	0.660223
0.418359	0.162069	0.650057
0.239616	0.25215	0.74463
0.423797	0.333483	0.814615
0.138422	0.355235	1.07516
0.0752943	0.385262	1.14468
-0.00627532	0.475817	1.21301
-0.0760232	0.464231	1.29883
-0.148135	0.477708	1.37425
-0.295197	0.530196	1.47757
-0.253348	0.52003	1.457
-0.253821	0.506316	1.41587
-0.300872	0.507026	1.40546
-0.177926	0.515065	1.26502
-0.0845348	0.489766	1.20402
-0.11669	0.437751	1.16004
************TIME_SERIES************
ClassID: 6
TimeSeriesLength: 60
TimeSeriesData: 
0.126364	0.347433	0.952692
0.136767	0.353817	0.957184
0.162302	0.362801	0.981064
0.232523	0.365166	1.04301
0.28572	0.366584	1.15035
0.34341	0.394247	1.19976
0.439638	0.405123	1.25485
0.483615	0.398503	1.29954
0.53232	0.412216	1.32886
0.593084	0.398976	1.32318
0.619328	0.433731	1.29363
0.535394	0.403941	1.25911
0.492836	0.404177	1.22104
0.360433	0.398976	1.13191
0.249073	0.378169	0.998087
0.0554339	0.280995	0.832347
-0.129221	0.224724	0.72477
-0.248383	0.133934	0.65715
-0.375821	0.0535461	0.588111
-0.418616	0.0294298	0.581727
-0.477251	0.0317942	0.628778
-0.512953	0.0199725	0.683867
-0.592867	0.0173717	0.764018
-0.580336	0.0585112	0.790025
-0.581755	0.0547282	0.837549
-0.588611	0.076953	0.88389
-0.573716	0.0606391	0.873723
-0.6106	-0.0266049	0.915335
-0.486472	-0.0519033	0.952219
-0.414596	-0.0670351	0.95813
-0.264461	-0.102264	0.955056
-0.129221	-0.0221127	0.977281
0.117616	0.0845189	0.953638
0.211244	0.0795538	0.966878
0.338681	0.0254105	0.926684
0.486216	-0.0866591	0.866157
0.510332	-0.126143	0.889091
0.650537	-0.160426	0.840386
0.638006	-0.175795	0.800429
0.624293	-0.194709	0.781514
0.687421	-0.232539	0.758107
0.625712	-0.269895	0.73139
0.540123	-0.297085	0.660223
0.535631	-0.309143	0.632088
0.508914	-0.288573	0.661406
0.49922	-0.283845	0.615774
0.439166	-0.236794	0.584328
0.553363	-0.166574	0.577944
0.476995	-0.11905	0.682212
0.438693	0.0410151	0.69758
0.419069	0.0395965	0.702309
0.486689	0.146228	0.812723
0.298015	0.215267	0.961913
0.178852	0.204391	0.984847
0.173414	0.234181	1.07115
-0.00840322	0.270119	1.23925
-0.156884	0.301329	1.33477
-0.184073	0.309367	1.33973
-0.176508	0.38148	1.41019
-0.142225	0.420727	1.43573
************TIME_SERIES************
ClassID: 6
TimeSeriesLength: 59
TimeSeriesData: 
0.539177	0.473689	1.19953
0.577716	0.493313	1.24256
0.595448	0.510336	1.31278
0.566603	0.530196	1.3324
0.546034	0.524285	1.30261
0.517662	0.493785	1.20355
0.481724	0.442243	1.19645
0.314329	0.440351	1.22199
0.208406	0.440351	1.10566
0.0507052	0.408433	0.948909
-0.138442	0.271538	0.790262
-0.299926	0.145046	0.660696
-0.431147	-0.0128918	0.459728
-0.415305	-0.0523762	0.41646
-0.430437	-0.0698723	0.478406
-0.501367	-0.0939885	0.539642
-0.485999	-0.0937521	0.601351
-0.492146	-0.122597	0.682685
-0.589084	-0.128035	0.74794
-0.592394	-0.10912	0.867339
-0.54298	-0.0899691	0.920537
-0.554328	-0.0448103	1.0475
-0.590976	-0.0374809	1.08888
-0.500894	-0.00981814	1.1208
-0.349577	0.051891	1.17234
-0.298507	0.0979956	1.17683
-0.199914	0.108162	1.14231
-0.0438683	0.0866468	1.18014
0.124	0.12353	1.13947
0.309127	0.0807359	0.88318
0.295178	-0.0644343	0.752669
0.310546	-0.277697	0.677247
0.336317	-0.348155	0.661878
0.381003	-0.355484	0.594022
0.539886	-0.30938	0.557375
0.65834	-0.314581	0.581727
0.675599	-0.362341	0.567069
0.632095	-0.374162	0.600406
0.647227	-0.352883	0.646037
0.696405	-0.365887	0.617429
0.607506	-0.394496	0.604898
0.449569	-0.403007	0.570142
0.466355	-0.406317	0.533022
0.541069	-0.360213	0.487863
0.493545	-0.304414	0.46753
0.441294	-0.211732	0.45027
0.514352	-0.140329	0.550518
0.5231	-0.0663258	0.647692
0.440111	0.138662	0.701599
0.290449	0.221887	0.766855
0.591665	0.196352	0.756925
0.337972	0.253332	1.08013
0.325677	0.182166	1.03024
0.25262	0.201081	0.974444
0.169395	0.279104	1.02386
0.158282	0.309604	1.25722
0.0632362	0.343177	1.38938
-0.0154962	0.40796	1.40641
-0.012659	0.463286	1.44187
************TIME_SERIES************
ClassID: 6
TimeSeriesLength: 62
TimeSeriesData: 
0.242453	0.343177	0.917227
0.24198	0.345778	0.916045
0.240325	0.359964	0.92361
0.241507	0.355235	0.91368
0.254984	0.352871	0.892638
0.251674	0.361146	0.912025
0.249309	0.350034	0.919591
0.279336	0.349088	0.89051
0.35665	0.348142	0.909897
0.426871	0.372968	1.01724
0.550053	0.398739	1.29079
0.744401	0.480309	1.33737
0.914397	0.510336	1.39009
1.04562	0.544619	1.47568
0.987928	0.533743	1.46741
0.93544	0.561405	1.32933
0.752913	0.561642	1.17541
0.578425	0.540363	1.05601
0.309127	0.41789	0.827382
0.124	0.334902	0.709165
-0.091155	0.217158	0.556902
-0.245783	0.150247	0.489282
-0.390716	0.0232826	0.485026
-0.432802	-0.0384266	0.518363
-0.512716	-0.0509576	0.574162
-0.544635	-0.0689265	0.666844
-0.54629	-0.106756	0.727843
-0.601852	-0.135601	0.820762
-0.638499	-0.162081	0.864029
-0.590266	-0.142221	0.859773
-0.486236	-0.131109	0.87987
-0.469449	-0.144349	0.881762
-0.348868	-0.156171	0.812487
-0.26186	-0.10983	0.876324
-0.192112	-0.0270778	0.946545
-0.105577	-0.0053259	0.949382
-0.00320168	0.00105781	0.985083
0.0951547	0.0105152	1.04419
0.119507	0.0405422	1.01653
0.247182	0.0320306	0.968769
0.541305	-0.0136011	0.805394
0.624293	-0.022822	0.760235
0.651247	-0.0355894	0.729262
0.741564	-0.0682172	0.662824
0.72856	-0.168465	0.69758
0.697824	-0.206767	0.715312
0.658576	-0.189508	0.673937
0.607979	-0.17745	0.642727
0.595212	-0.186434	0.652658
0.590483	-0.150496	0.649111
0.579371	-0.110539	0.615301
0.462809	-0.0757831	0.707747
0.503948	0.00578648	0.670154
0.510332	0.0282477	0.681266
0.313383	0.105325	0.770165
0.241507	0.102015	0.85268
0.24529	0.167507	0.866157
0.192329	0.195643	0.940397
-0.0230621	0.291398	1.13144
-0.0292094	0.35098	1.21726
0.0142944	0.380061	1.21655
-0.151682	0.446026	1.35652
